 -26.00
  12.00
 -40.00
 -27.00
  51.00
  60.00
  13.00
 -46.00
 -33.00
   1.00
   3.00
  26.00
  44.00
 -69.00
 -50.00
   1.00
   5.00
  16.00
 -11.00
 -17.00
   2.00
  -9.00
   6.00
  19.00
 -33.00
 -27.00
  -1.00
 -26.00
 -34.00
  32.00
  14.00
  14.00
  17.00
 -13.00
  -5.00
 -23.00
 -27.00
 -23.00
  -9.00
   6.00
   3.00
 -12.00
  25.00
  38.00
   2.00
  -9.00
 -63.00
 -77.00
 -10.00
  20.00
  17.00
  20.00
  20.00
  33.00
 -27.00
 -62.00
  15.00
  18.00
 -33.00
 -13.00
   1.00
 -13.00
  23.00
   0.00
  -3.00
  14.00
 -55.00
 -50.00
  16.00
  17.00
  31.00
   8.00
 -40.00
 -27.00
 -20.00
  -9.00
  -3.00
   6.00
   7.00
  17.00
  24.00
  -3.00
 -33.00
 -11.00
  23.00
 -35.00
 -92.00
 -23.00
  34.00
  36.00
   2.00
   7.00
  32.00
  12.00
   4.00
  16.00
 -39.00
 -85.00
 -63.00
 -23.00
  22.00
   6.00
 -28.00
  21.00
  30.00
   4.00
  21.00
  25.00
 -16.00
  -7.00
  -4.00
 -30.00
 -29.00
 -38.00
  15.00
  40.00
 -11.00
 -29.00
 -44.00
 -15.00
  58.00
  19.00
 -35.00
 -30.00
 -18.00
 -49.00
   8.00
  41.00
  42.00
  -2.00
 -31.00
 -20.00
  15.00
  21.00
 -19.00
 -56.00
  -9.00
   9.00
  -8.00
   9.00
 -17.00
 -33.00
  13.00
  31.00
   0.00
  -2.00
 -20.00
 -19.00
  15.00
 -18.00
 -49.00
 -46.00
  21.00
  57.00
   6.00
   5.00
 -18.00
 -37.00
  38.00
  21.00
 -38.00
 -47.00
 -19.00
  10.00
  21.00
  -9.00
 -18.00
  -8.00
 -43.00
  28.00
  47.00
 -23.00
 -25.00
 -27.00
  19.00
 -18.00
 -20.00
  52.00
  27.00
 -74.00
 -39.00
  -8.00
  14.00
   9.00
  -5.00
  11.00
 -29.00
 -28.00
  23.00
  25.00
 -17.00
 -13.00
  39.00
  -9.00
 -43.00
 -48.00
 -39.00
  12.00
  42.00
  19.00
 -13.00
 -47.00
  -2.00
  12.00
  12.00
  30.00
  10.00
 -28.00
 -42.00
 -13.00
  -6.00
  11.00
 -24.00
 -50.00
  10.00
  28.00
  -3.00
 -28.00
  13.00
  31.00
  13.00
  25.00
 -15.00
 -70.00
 -15.00
 -25.00
 -21.00
  21.00
  11.00
  -6.00
 -11.00
 -26.00
 -10.00
  -5.00
 -13.00
   2.00
  25.00
  21.00
   7.00
   6.00
 -11.00
 -21.00
  -4.00
 -28.00
 -46.00
 -54.00
  -2.00
  19.00
  29.00
  46.00
  16.00
 -39.00
 -36.00
 -24.00
   4.00
  16.00
 -17.00
 -18.00
  -4.00
   3.00
   1.00
 -13.00
 -27.00
  -1.00
  43.00
   1.00
 -27.00
   0.00
  18.00
 -29.00
 -36.00
  -1.00
  18.00
  20.00
 -16.00
 -42.00
 -28.00
  21.00
   1.00
 -18.00
 -12.00
   0.00
  31.00
  44.00
 -23.00
 -57.00
   2.00
 -15.00
 -51.00
 -54.00
   6.00
  83.00
  56.00
  -4.00
 -28.00
 -17.00
 -15.00
  15.00
   4.00
 -31.00
 -41.00
 -21.00
 -25.00
 -18.00
  34.00
  24.00
  -7.00
  -3.00
  11.00
   3.00
  14.00
 -33.00
 -34.00
  14.00
 -22.00
 -17.00
  14.00
 -30.00
 -36.00
  -1.00
  39.00
  21.00
  -5.00
  -6.00
   2.00
 -10.00
   2.00
  10.00
 -39.00
 -15.00
  19.00
 -28.00
 -48.00
 -43.00
 -71.00
  53.00
  79.00
 -14.00
  -1.00
  26.00
  23.00
 -29.00
 -35.00
  41.00
  37.00
 -26.00
-101.00
 -70.00
  14.00
  70.00
  29.00
  -4.00
 -13.00
 -27.00
 -22.00
 -39.00
 -30.00
  10.00
  47.00
  28.00
 -14.00
 -17.00
   6.00
 -32.00
 -31.00
  12.00
 -10.00
  -9.00
  18.00
 -20.00
 -27.00
  13.00
  15.00
  19.00
  15.00
 -13.00
 -21.00
 -19.00
 -20.00
 -20.00
 -45.00
  -6.00
  54.00
  21.00
 -15.00
 -30.00
 -20.00
 -13.00
 -16.00
 -29.00
   2.00
  -1.00
  -3.00
  22.00
  31.00
  57.00
  23.00
 -27.00
 -50.00
 -68.00
 -58.00
 -19.00
  -1.00
 -19.00
  58.00
  57.00
  30.00
  18.00
   6.00
  -7.00
 -81.00
 -90.00
 -23.00
  15.00
  -8.00
   5.00
  19.00
  32.00
   2.00
  -1.00
  40.00
 -53.00
 -39.00
  29.00
   4.00
 -25.00
 -48.00
  20.00
  36.00
 -48.00
   2.00
  27.00
 -39.00
 -24.00
 -20.00
  42.00
  38.00
 -41.00
 -14.00
 -24.00
 -43.00
  23.00
  13.00
  -3.00
  20.00
 -39.00
  14.00
  32.00
 -70.00
  16.00
  21.00
 -62.00
  33.00
 -10.00
 -38.00
  65.00
 -38.00
 -43.00
  68.00
 -21.00
  -4.00
  18.00
 -73.00
  40.00
  19.00
-100.00
 -11.00
 -20.00
 -66.00
  65.00
  10.00
  -8.00
  90.00
 -50.00
 -27.00
  83.00
 -67.00
  -2.00
 103.00
-106.00
 -49.00
  32.00
-111.00
  88.00
 113.00
-170.00
  28.00
  45.00
-196.00
  60.00
  41.00
-106.00
 201.00
  84.00
-168.00
  90.00
 -47.00
-196.00
 137.00
  -9.00
-160.00
 181.00
 -12.00
-142.00
 234.00
  -6.00
-183.00
 202.00
 -57.00
-261.00
 191.00
  30.00
-302.00
 186.00
 113.00
-255.00
 209.00
 128.00
-331.00
 166.00
 225.00
-371.00
  34.00
 239.00
-382.00
 -23.00
 354.00
-273.00
 -78.00
 453.00
-162.00
-313.00
 344.00
 -35.00
-405.00
 321.00
 190.00
-460.00
 110.00
 393.00
-371.00
-163.00
 475.00
-153.00
-401.00
 369.00
 143.00
-532.00
  93.00
 467.00
-347.00
-248.00
 521.00
  -7.00
-542.00
 283.00
 354.00
-530.00
-116.00
 587.00
-173.00
-498.00
 443.00
 290.00
-592.00
  -7.00
 581.00
-285.00
-460.00
 500.00
 224.00
-629.00
  33.00
 587.00
-293.00
-537.00
 470.00
 304.00
-622.00
 -37.00
 640.00
-181.00
-564.00
 411.00
 418.00
-582.00
-232.00
 629.00
 -16.00
-662.00
 247.00
 567.00
-403.00
-450.00
 536.00
 241.00
-663.00
 -48.00
 657.00
-103.00
-652.00
 278.00
 552.00
-424.00
-482.00
 531.00
 336.00
-630.00
-202.00
 661.00
 103.00
-689.00
   7.00
 659.00
-100.00
-676.00
 222.00
 607.00
-299.00
-616.00
 372.00
 535.00
-428.00
-538.00
 487.00
 464.00
-522.00
-402.00
 574.00
 354.00
-605.00
-369.00
 606.00
 317.00
-641.00
-286.00
 637.00
 282.00
-651.00
-281.00
 636.00
 265.00
-666.00
-290.00
 649.00
 298.00
-626.00
-325.00
 609.00
 366.00
-579.00
-460.00
 544.00
 446.00
-512.00
-548.00
 477.00
 560.00
-361.00
-663.00
 291.00
 668.00
 -96.00
-748.00
 -50.00
 697.00
 231.00
-655.00
-431.00
 568.00
 539.00
-352.00
-714.00
 184.00
 701.00
  90.00
-715.00
-358.00
 598.00
 520.00
-348.00
-740.00
 140.00
 710.00
 144.00
-693.00
-446.00
 561.00
 607.00
-201.00
-771.00
 -64.00
 708.00
 342.00
-553.00
-628.00
 377.00
 673.00
 -40.00
-760.00
-275.00
 652.00
 505.00
-353.00
-755.00
  81.00
 725.00
 283.00
-594.00
-631.00
 385.00
 691.00
   5.00
-745.00
-350.00
 616.00
 568.00
-239.00
-789.00
 -78.00
 715.00
 371.00
-512.00
-682.00
 276.00
 717.00
 142.00
-696.00
-503.00
 517.00
 636.00
-115.00
-785.00
-226.00
 676.00
 498.00
-356.00
-770.00
  58.00
 728.00
 335.00
-547.00
-693.00
 278.00
 717.00
 151.00
-694.00
-511.00
 497.00
 652.00
 -50.00
-780.00
-339.00
 627.00
 577.00
-209.00
-805.00
-153.00
 704.00
 473.00
-366.00
-791.00
  23.00
 735.00
 379.00
-500.00
-726.00
 213.00
 725.00
 241.00
-608.00
-668.00
 315.00
 734.00
 193.00
-650.00
-593.00
 406.00
 693.00
  85.00
-708.00
-539.00
 472.00
 682.00
  34.00
-737.00
-466.00
 529.00
 651.00
 -16.00
-769.00
-426.00
 571.00
 631.00
 -67.00
-785.00
-379.00
 596.00
 623.00
 -75.00
-781.00
-384.00
 591.00
 621.00
 -70.00
-778.00
-408.00
 579.00
 635.00
 -26.00
-764.00
-473.00
 531.00
 668.00
  19.00
-732.00
-505.00
 484.00
 688.00
 107.00
-690.00
-607.00
 386.00
 714.00
 185.00
-627.00
-696.00
 260.00
 754.00
 324.00
-485.00
-773.00
  69.00
 737.00
 423.00
-353.00
-820.00
-127.00
 707.00
 530.00
-183.00
-814.00
-351.00
 607.00
 641.00
  14.00
-726.00
-563.00
 426.00
 718.00
 201.00
-594.00
-733.00
 193.00
 755.00
 371.00
-416.00
-815.00
 -59.00
 724.00
 511.00
-196.00
-812.00
-378.00
 603.00
 662.00
  56.00
-700.00
-620.00
 356.00
 736.00
 268.00
-506.00
-793.00
  26.00
 752.00
 480.00
-238.00
-819.00
-332.00
 619.00
 646.00
  46.00
-694.00
-638.00
 319.00
 748.00
 319.00
-453.00
-819.00
 -59.00
 724.00
 532.00
-139.00
-801.00
-465.00
 518.00
 702.00
 171.00
-600.00
-753.00
 146.00
 770.00
 436.00
-285.00
-830.00
-300.00
 615.00
 644.00
  92.00
-676.00
-713.00
 242.00
 763.00
 382.00
-361.00
-825.00
-194.00
 683.00
 599.00
 -16.00
-720.00
-631.00
 326.00
 758.00
 348.00
-391.00
-834.00
-173.00
 691.00
 585.00
 -40.00
-741.00
-616.00
 356.00
 765.00
 343.00
-384.00
-827.00
-208.00
 670.00
 612.00
  21.00
-706.00
-670.00
 268.00
 759.00
 397.00
-313.00
-841.00
-289.00
 633.00
 640.00
  68.00
-676.00
-685.00
 242.00
 754.00
 396.00
-313.00
-841.00
-299.00
 627.00
 654.00
  96.00
-638.00
-729.00
 158.00
 767.00
 460.00
-205.00
-817.00
-471.00
 506.00
 726.00
 249.00
-486.00
-829.00
 -90.00
 715.00
 574.00
 -29.00
-763.00
-606.00
 359.00
 744.00
 345.00
-377.00
-855.00
-244.00
 657.00
 652.00
 107.00
-651.00
-734.00
 177.00
 756.00
 445.00
-229.00
-836.00
-431.00
 546.00
 709.00
 201.00
-539.00
-794.00
 -19.00
 727.00
 558.00
 -27.00
-751.00
-639.00
 318.00
 750.00
 368.00
-352.00
-845.00
-275.00
 639.00
 667.00
 143.00
-582.00
-780.00
  35.00
 734.00
 525.00
 -81.00
-778.00
-595.00
 373.00
 746.00
 340.00
-356.00
-826.00
-292.00
 610.00
 667.00
 155.00
-559.00
-781.00
  -3.00
 716.00
 545.00
 -47.00
-737.00
-620.00
 326.00
 743.00
 350.00
-351.00
-805.00
-294.00
 598.00
 672.00
 173.00
-545.00
-792.00
 -13.00
 722.00
 533.00
 -92.00
-727.00
-602.00
 314.00
 755.00
 400.00
-249.00
-815.00
-445.00
 495.00
 708.00
 257.00
-442.00
-815.00
-184.00
 648.00
 630.00
 116.00
-602.00
-770.00
  58.00
 726.00
 522.00
 -67.00
-746.00
-620.00
 317.00
 747.00
 395.00
-269.00
-817.00
-408.00
 521.00
 706.00
 248.00
-462.00
-826.00
-152.00
 661.00
 614.00
  96.00
-614.00
-778.00
  55.00
 737.00
 537.00
 -42.00
-722.00
-662.00
 263.00
 752.00
 430.00
-210.00
-805.00
-496.00
 453.00
 734.00
 313.00
-378.00
-840.00
-278.00
 601.00
 666.00
 191.00
-530.00
-831.00
 -78.00
 701.00
 598.00
  60.00
-632.00
-757.00
  78.00
 754.00
 534.00
 -49.00
-701.00
-681.00
 206.00
 756.00
 461.00
-159.00
-786.00
-569.00
 392.00
 755.00
 351.00
-321.00
-817.00
-386.00
 550.00
 718.00
 242.00
-452.00
-821.00
-207.00
 646.00
 649.00
 139.00
-566.00
-802.00
 -35.00
 714.00
 576.00
  20.00
-679.00
-725.00
 158.00
 754.00
 499.00
 -84.00
-758.00
-637.00
 292.00
 751.00
 428.00
-204.00
-816.00
-501.00
 412.00
 730.00
 374.00
-280.00
-861.00
-409.00
 494.00
 705.00
 330.00
-333.00
-882.00
-362.00
 562.00
 703.00
 263.00
-432.00
-842.00
-223.00
 631.00
 658.00
 184.00
-525.00
-837.00
-110.00
 687.00
 613.00
  91.00
-608.00
-786.00
  11.00
 736.00
 576.00
  27.00
-668.00
-744.00
 122.00
 755.00
 515.00
 -65.00
-740.00
-675.00
 245.00
 773.00
 457.00
-179.00
-800.00
-532.00
 399.00
 745.00
 368.00
-296.00
-857.00
-411.00
 507.00
 718.00
 313.00
-370.00
-875.00
-325.00
 567.00
 699.00
 283.00
-393.00
-872.00
-319.00
 576.00
 704.00
 262.00
-439.00
-855.00
-224.00
 628.00
 657.00
 178.00
-529.00
-840.00
-131.00
 689.00
 638.00
 136.00
-567.00
-818.00
 -65.00
 712.00
 604.00
  74.00
-632.00
-778.00
  48.00
 740.00
 555.00
  -6.00
-691.00
-724.00
 139.00
 751.00
 524.00
 -37.00
-735.00
-696.00
 212.00
 756.00
 480.00
-114.00
-790.00
-618.00
 329.00
 767.00
 427.00
-207.00
-827.00
-491.00
 424.00
 724.00
 365.00
-274.00
-862.00
-464.00
 469.00
 741.00
 352.00
-330.00
-873.00
-331.00
 564.00
 693.00
 273.00
-421.00
-881.00
-276.00
 603.00
 692.00
 248.00
-439.00
-851.00
-273.00
 604.00
 695.00
 228.00
-444.00
-817.00
-286.00
 558.00
 699.00
 266.00
-408.00
-831.00
-329.00
 515.00
 710.00
 303.00
-378.00
-840.00
-330.00
 507.00
 705.00
 303.00
-380.00
-842.00
-329.00
 514.00
 705.00
 316.00
-353.00
-857.00
-373.00
 506.00
 716.00
 329.00
-350.00
-875.00
-321.00
 551.00
 682.00
 255.00
-449.00
-844.00
-235.00
 605.00
 682.00
 228.00
-474.00
-820.00
-207.00
 607.00
 659.00
 178.00
-513.00
-805.00
-167.00
 635.00
 653.00
 180.00
-503.00
-814.00
-196.00
 622.00
 664.00
 175.00
-519.00
-787.00
-145.00
 637.00
 640.00
 149.00
-564.00
-782.00
 -65.00
 656.00
 594.00
 115.00
-608.00
-791.00
 -31.00
 661.00
 605.00
 118.00
-614.00
-759.00
  23.00
 671.00
 567.00
  83.00
-635.00
-774.00
   8.00
 682.00
 584.00
  88.00
-649.00
-723.00
  83.00
 678.00
 523.00
  -2.00
-676.00
-671.00
 101.00
 675.00
 525.00
 -26.00
-617.00
-582.00
 122.00
 609.00
 453.00
 -77.00
-606.00
-481.00
 134.00
 454.00
 336.00
 -53.00
-470.00
-375.00
 139.00
 386.00
 271.00
 -22.00
-321.00
-296.00
  72.00
 251.00
 164.00
   7.00
-187.00
-216.00
  22.00
 149.00
 134.00
  86.00
 -90.00
-138.00
 -90.00
 -75.00
  34.00
 107.00
  90.00
   0.00
-119.00
-146.00
  -9.00
 126.00
 195.00
  78.00
-123.00
-249.00
-166.00
  76.00
 246.00
 152.00
 -83.00
-244.00
-222.00
  58.00
 296.00
 202.00
 -46.00
-246.00
-272.00
  -2.00
 305.00
 248.00
   5.00
-220.00
-296.00
-103.00
 199.00
 254.00
  43.00
-181.00
-201.00
 -43.00
 150.00
 184.00
   2.00
-121.00
-105.00
 -49.00
  79.00
  87.00
 -30.00
 -46.00
 -23.00
  32.00
   2.00
 -87.00
 -51.00
  20.00
  72.00
 101.00
  34.00
-137.00
-162.00
   0.00
 143.00
 119.00
 -33.00
-133.00
-112.00
 -22.00
 103.00
 110.00
 -22.00
 -74.00
 -25.00
   1.00
   8.00
 -27.00
 -35.00
  19.00
  11.00
 -15.00
 -11.00
  34.00
  88.00
  49.00
 -68.00
-113.00
 -95.00
  33.00
  72.00
 -40.00
 -84.00
 -62.00
  25.00
 111.00
  78.00
  10.00
 -55.00
 -75.00
  27.00
  51.00
  15.00
 -47.00
 -72.00
 -59.00
   7.00
  25.00
  37.00
  13.00
 -62.00
 -30.00
  23.00
  73.00
  48.00
 -56.00
-110.00
  15.00
  84.00
  40.00
 -23.00
-117.00
 -95.00
  -3.00
  61.00
  91.00
   7.00
-107.00
 -95.00
  30.00
  96.00
  89.00
 -19.00
 -64.00
 -10.00
  22.00
  -6.00
 -14.00
 -24.00
 -45.00
 -68.00
  15.00
  70.00
  -4.00
 -12.00
   2.00
 -66.00
 -29.00
  95.00
  68.00
 -11.00
 -96.00
-101.00
  28.00
  57.00
  27.00
 -26.00
-105.00
 -17.00
  60.00
  82.00
  68.00
 -29.00
-140.00
 -60.00
  45.00
 111.00
  11.00
 -93.00
-116.00
 -47.00
  43.00
 121.00
  91.00
 -39.00
 -90.00
 -82.00
  -4.00
  22.00
  -1.00
 -30.00
   1.00
  41.00
  11.00
  37.00
  31.00
 -28.00
 -63.00
 -45.00
 -25.00
   8.00
  42.00
   0.00
 -81.00
 -61.00
  21.00
  97.00
  99.00
  -2.00
 -50.00
 -76.00
 -63.00
  29.00
  61.00
  -4.00
 -25.00
 -42.00
 -90.00
   1.00
  14.00
  38.00
  46.00
 -63.00
 -92.00
  48.00
 110.00
  87.00
   9.00
-138.00
-133.00
  11.00
 115.00
  87.00
 -59.00
-169.00
 -96.00
  79.00
 186.00
  85.00
 -94.00
-209.00
-131.00
  86.00
 206.00
  62.00
-129.00
-155.00
   4.00
 160.00
 141.00
 -28.00
-190.00
-205.00
  25.00
 215.00
 154.00
 -45.00
-164.00
-153.00
 -15.00
 137.00
 138.00
 -14.00
-172.00
 -72.00
  70.00
  98.00
  34.00
 -97.00
-152.00
  -5.00
 100.00
 144.00
  76.00
-140.00
-159.00
 -28.00
  49.00
  90.00
  52.00
 -77.00
-126.00
 -33.00
 121.00
 136.00
 -49.00
 -86.00
 -91.00
 -75.00
  67.00
 126.00
   7.00
 -85.00
 -73.00
   3.00
  38.00
  21.00
  18.00
 -39.00
 -60.00
  22.00
  78.00
  49.00
 -32.00
 -93.00
 -44.00
  23.00
  24.00
  16.00
 -18.00
 -86.00
 -59.00
  19.00
  64.00
  58.00
  12.00
 -35.00
 -71.00
 -45.00
  45.00
  34.00
  -3.00
 -30.00
 -17.00
  37.00
  67.00
 -25.00
 -97.00
 -42.00
  -4.00
  38.00
  17.00
 -35.00
 -55.00
 -32.00
   2.00
  98.00
  73.00
 -45.00
 -78.00
 -83.00
  34.00
 105.00
   1.00
 -54.00
 -33.00
 -39.00
  43.00
  44.00
 -31.00
 -53.00
 -57.00
 -48.00
  53.00
  56.00
   7.00
   1.00
  -6.00
   3.00
  15.00
 -16.00
 -17.00
 -61.00
 -92.00
 -14.00
  66.00
  62.00
  45.00
 -47.00
 -38.00
  27.00
  32.00
  41.00
 -37.00
-113.00
 -89.00
  -4.00
  45.00
  32.00
 -39.00
 -29.00
   8.00
  47.00
  89.00
  65.00
  -3.00
 -92.00
-102.00
 -57.00
  42.00
  38.00
 -49.00
 -41.00
 -13.00
  16.00
  24.00
  34.00
  49.00
 -25.00
 -91.00
 -35.00
  27.00
  53.00
   3.00
 -73.00
   4.00
  59.00
  24.00
  15.00
 -81.00
-133.00
 -23.00
  59.00
  90.00
  19.00
 -53.00
 -31.00
  18.00
  10.00
  47.00
 -24.00
 -84.00
 -44.00
  -1.00
  52.00
  75.00
   2.00
 -75.00
-129.00
 -45.00
 101.00
 138.00
   4.00
 -94.00
 -73.00
 -10.00
  62.00
  46.00
 -45.00
 -84.00
 -28.00
  95.00
  80.00
 -54.00
 -96.00
 -46.00
  12.00
  44.00
  58.00
 -12.00
 -74.00
 -84.00
  27.00
  76.00
   5.00
 -32.00
 -11.00
   2.00
  39.00
  -1.00
 -52.00
 -12.00
  -5.00
 -17.00
   2.00
 -19.00
 -28.00
   8.00
 -24.00
  -2.00
  34.00
  43.00
   9.00
 -55.00
 -39.00
   5.00
  16.00
  -2.00
 -16.00
 -10.00
  -7.00
  10.00
  10.00
  10.00
 -32.00
 -25.00
 -14.00
 -47.00
 -35.00
  53.00
  59.00
 -22.00
 -52.00
  -5.00
   4.00
  -4.00
  34.00
  44.00
   5.00
 -25.00
 -27.00
 -66.00
 -26.00
  -1.00
 -45.00
 -25.00
  55.00
  85.00
  46.00
 -48.00
 -95.00
 -45.00
   4.00
  50.00
  -1.00
 -90.00
 -30.00
  54.00
 102.00
  73.00
 -48.00
-105.00
 -45.00
  17.00
  38.00
   5.00
 -34.00
 -95.00
 -48.00
  56.00
 111.00
  33.00
-121.00
 -38.00
  56.00
  59.00
  26.00
 -64.00
 -98.00
 -40.00
  18.00
  25.00
  18.00
  -5.00
 -11.00
   0.00
  24.00
 -20.00
 -42.00
   9.00
 -21.00
 -29.00
  49.00
  47.00
   8.00
 -20.00
 -69.00
 -45.00
   8.00
  52.00
  12.00
 -50.00
 -66.00
   2.00
  89.00
  22.00
 -41.00
 -54.00
 -26.00
   8.00
  40.00
  52.00
 -26.00
 -55.00
 -54.00
 -11.00
  31.00
  -5.00
  10.00
  -6.00
 -40.00
  -5.00
  65.00
  60.00
  -2.00
 -40.00
 -53.00
 -61.00
 -15.00
   8.00
  -1.00
   0.00
   6.00
 -15.00
   9.00
  34.00
  18.00
 -35.00
 -45.00
 -12.00
  31.00
  28.00
 -12.00
 -39.00
 -44.00
  -3.00
   6.00
   7.00
